111 ’ ,111111011111111 1111111. 1111. »1111

111119 1111111 1111111111 11111111 11111 1111111111, 11111111· 11111 111 1111111111 [aum 1191 1), 11111111 batte 111
1111 im 1111111111, missen 11111, 1191111111111111111 6111119111 1111 11111111 8111111911, 1111 111 11111111 111
, 91119111, 11111111111111111111111111111111113111111 niet 911, fo iemenb 111 communio 11911111111111111111
aad) finb 11111 1111111111 1119111111111111111111. 1111 11111111 11111, 111111111111111111111111111111111111111
1111111111 [1111111ῑί1111ῢὺ111 111 11111111111191119 9111 11111111111111111111111, 1111911191 ist, 11111111 11111 111
111111 1111111116 111111 111 111111 1111111) 1111111111 1111111 111111 111111111ἰά11. ’
6111111111ῑί91111 1111111111 1111111111 1111111111 '¹ 113111111111111111119111111111111.-1111111111
1191111111111131111111111119 item, ste 11111111 1111111 9111111111111111111111111111, 111 111111 11111 1111111111
91111811111111111111. 1111116111111191111191111111111111 sto 91111111 ist, 111111111111111111111 &attentem
1111, 11111 11119111111111ῦ1111111·, 1111911131111111111 11111111 1111 1111111 [0112 [1 1111 viel, 111 mit 1111111111
9111, 1111 [inb 111 1119111111, 91111111) 1111 1111111111, 11191111111191111111111131111111, 11111111111111111,
11111119, 11111 911111111111ῑί11111111111111191119111 111 111 eine (11111111 111111 1119111111, 11111111111111111
Θ1111111111111111111111911119111111111 1111119119 11111111,1111)1111,13111ἰά),211111111111111111111191111 ,
9111111111 191111ῑί1). 111191. 111 111111111111111131111111 111111 (111111 1111-
, ‚ . , 11111119,111111191111111191111111119919111(51111,11111
31111111111111111111111111111111111111111 11111) [11111111 111 11111 6111111111, 1111 111911 oft enblid)e
1111111 1111111111 51111111, 1111 111111111111111111111 111111 1111919119. Dfese 1111 111 (1111119111 11111111 1111111111
1111111 1111111111 1111111111 1111111 11111111 11 1111111 [11111119 1119 91111111. §Datum 1111111111) 1111111111,
111119111111111119 111 11111111 1111 1111111111 111 11111111111111111111111191119111. 11111 isis 1111111111
11111111111111111111111111111111111111111111111111 1111 1111111111 1111111111 1311111. 1111111911,111111
’1111111111111111111111111 11111· 1111111 1111111111 111 11111111 11111111, 111 fic 11111 111 111111111111111111 11111
1111111111111111111111111111111111111111111111 1116 31111119 1111111111 1111 1111111911 hulten! 11111 ‘
111 1111111 1111111 1111111 1111111111 1111111111 11 11111111 11111111 11111111111111111111111111119111119111,
1111111111111111111111111111111111111111111111 1111111111111111111111. 111111111111111111111119111
1111111111 11111· 11111 1111 1111111111 111 11 111111 11119111111111111 111111, taut 111 111911, 111
“ 1111111191111111 1111911111 111 611111 1111111111 1111111 11111111119119161111911111111911911111111111111
1111 111111 1111111111 111111131111111111111111111111 (1111119111 11111 11111111111119 9111111111 1111111119, 11111
11111111 1111111 1111111111111111111111) 11111111 1111111111 11111111 1111111111 9111111111 11111 91111111 11111111 fou,
11111 111 1111111 1111111111 11111 11111 1111111111 1111111 111111111191111111 11111 1111111111 9191111119191111
6111111111 111 1111111111 11111111111111111111111·· 1111 1811111111, 11111111111111119911 1111119111, 1111111111
1119111111111111111111111 111 11111111 11111111 1111111111 999 Mt 99 9991999991), 15, Ι bu& 9119919199
1811111111, 1111 1111111111 1119111111 191111 111 111111, 91999999999999999991911) 1919191999,
1111111111 1111111111 91111111 1111111111 1111111 1111111111 1111) &ott 911 111111, bu& 111 bohen 1111111111
111111 1111 191111 11 1111111111 11111111 1111111111111111 111111 bide 91111ῢ1111111 1111111111, 1111 111111911111
111 1111111111 111 1111111 1111 111111 1111111111 111 1191111119111111 111 11111111119119 91111111 1111
1111111111 11111111111111 111111113111111111111 111 1111111 11111 111 &nemmem 11911111,1111111111 31111111
91ὶί1111111) 1111111111. sstsslid) 1111111111 111111 11111 111111111111911111111191911111, ’1111 111911 11111111111111111
11111191111111 1111111111 111111 1111 1111111111111111111 1111 1111 1111111119, 1111111 1111111111ηῇ 1111 «1819111119
11111 11111 1111111111 1111911111 11111111 111111 111 1119111111 111111. 111911111111161911111111111111111
11111 11111 1111111111 111111 11111111 111 1111111111 11191111111111111, 1111111111 911111111111911(1111111111ν
1111111 11111111) 11· 11111111 11111 1111111111 1111 1111111111) 1111111 11111111 1111111, 11111111 bie 1111111111 ist
111111 1111111111 111 1111111111111111111111 91111 1111 1111 11111 1111111911 1111111111 11111, 111 ste 1111 11119111
111111,1111111111111111111111111. θ111111111111111 &gem · ⁸
wit 111111, δαβ hie Reformatio bet communio 11111 Met [0 if} 9611& 9999991ξά),999991911199999
⁹¹¹¹ [1111 11111111 111· 1111111111 1111 11111111111113111 1111111 11111 11111111, 1111111111)111111111119111111111
1111111 111 1111111111) 11 11111 1111111111 91111111) 111111 1311111111 eine 9111161111 111, 111 11111113111111111
11119111111111,1111191111111111111191119111611 fd)¹¹¹f¹¹¹¹)¹ 9199999999, 9999911991 99111993. ψ
1111111111 nicht 1111111 111111. 111111111111111111111 9 .
[16111 1819, 111 1111111111 1111111 1111 1111111111) 111 ·“·””·“·“
Communio 1111111111 1111111111, 1111111111, 11111 Suu} 111011111111111111111·

0

 

